   0.0039810177   0.0068282462    0.008989658    0.010675416    0.011999669    0.013031403     0.01381526    0.014380956    0.014748165    0.014928895    0.014928895    0.014748165    0.014380956     0.01381526    0.013031403    0.011999669    0.010675416    0.008989658   0.0068282462   0.0039810177 
   0.0068282462     0.01207472    0.016187397    0.019444793    0.022024295    0.024043139    0.025581057     0.02669283    0.027415219    0.027770954    0.027770954    0.027415219     0.02669283    0.025581057    0.024043139    0.022024295    0.019444793    0.016187397     0.01207472   0.0068282462 
    0.008989658    0.016187397    0.021972853    0.026624528    0.030342014    0.033268172    0.035505421     0.03712652    0.038181343    0.038701214    0.038701214    0.038181343     0.03712652    0.035505421    0.033268172    0.030342014    0.026624528    0.021972853    0.016187397    0.008989658 
    0.010675416    0.019444793    0.026624528    0.032470881     0.03718346    0.040914503    0.043778349    0.045858864    0.047214884    0.047883797    0.047883797    0.047214884    0.045858864    0.043778349    0.040914503     0.03718346    0.032470881    0.026624528    0.019444793    0.010675416 
    0.011999669    0.022024295    0.030342014     0.03718346    0.042738851    0.047160465    0.050567034     0.05304814    0.054667945    0.055467708    0.055467708    0.054667945     0.05304814    0.050567034    0.047160465    0.042738851     0.03718346    0.030342014    0.022024295    0.011999669 
    0.013031403    0.024043139    0.033268172    0.040914503    0.047160465    0.052153917    0.056013596    0.058831184    0.060673433     0.06158382     0.06158382    0.060673433    0.058831184    0.056013596    0.052153917    0.047160465    0.040914503    0.033268172    0.024043139    0.013031403 
     0.01381526    0.025581057    0.035505421    0.043778349    0.050567034    0.056013596    0.060234698    0.063322015    0.065343195    0.066342756    0.066342756    0.065343195    0.063322015    0.060234698    0.056013596    0.050567034    0.043778349    0.035505421    0.025581057     0.01381526 
    0.014380956     0.02669283     0.03712652    0.045858864     0.05304814    0.058831184    0.063322015    0.066611392    0.068766987    0.069833627    0.069833627    0.068766987    0.066611392    0.063322015    0.058831184     0.05304814    0.045858864     0.03712652     0.02669283    0.014380956 
    0.014748165    0.027415219    0.038181343    0.047214884    0.054667945    0.060673433    0.065343195    0.068766987    0.071012178    0.072123578    0.072123578    0.071012178    0.068766987    0.065343195    0.060673433    0.054667945    0.047214884    0.038181343    0.027415219    0.014748165 
    0.014928895    0.027770954    0.038701214    0.047883797    0.055467708     0.06158382    0.066342756    0.069833627    0.072123578    0.073257344    0.073257344    0.072123578    0.069833627    0.066342756     0.06158382    0.055467708    0.047883797    0.038701214    0.027770954    0.014928895 
    0.014928895    0.027770954    0.038701214    0.047883797    0.055467708     0.06158382    0.066342756    0.069833627    0.072123578    0.073257344    0.073257344    0.072123578    0.069833627    0.066342756     0.06158382    0.055467708    0.047883797    0.038701214    0.027770954    0.014928895 
    0.014748165    0.027415219    0.038181343    0.047214884    0.054667945    0.060673433    0.065343195    0.068766987    0.071012178    0.072123578    0.072123578    0.071012178    0.068766987    0.065343195    0.060673433    0.054667945    0.047214884    0.038181343    0.027415219    0.014748165 
    0.014380956     0.02669283     0.03712652    0.045858864     0.05304814    0.058831184    0.063322015    0.066611392    0.068766987    0.069833627    0.069833627    0.068766987    0.066611392    0.063322015    0.058831184     0.05304814    0.045858864     0.03712652     0.02669283    0.014380956 
     0.01381526    0.025581057    0.035505421    0.043778349    0.050567034    0.056013596    0.060234698    0.063322015    0.065343195    0.066342756    0.066342756    0.065343195    0.063322015    0.060234698    0.056013596    0.050567034    0.043778349    0.035505421    0.025581057     0.01381526 
    0.013031403    0.024043139    0.033268172    0.040914503    0.047160465    0.052153917    0.056013596    0.058831184    0.060673433     0.06158382     0.06158382    0.060673433    0.058831184    0.056013596    0.052153917    0.047160465    0.040914503    0.033268172    0.024043139    0.013031403 
    0.011999669    0.022024295    0.030342014     0.03718346    0.042738851    0.047160465    0.050567034     0.05304814    0.054667945    0.055467708    0.055467708    0.054667945     0.05304814    0.050567034    0.047160465    0.042738851     0.03718346    0.030342014    0.022024295    0.011999669 
    0.010675416    0.019444793    0.026624528    0.032470881     0.03718346    0.040914503    0.043778349    0.045858864    0.047214884    0.047883797    0.047883797    0.047214884    0.045858864    0.043778349    0.040914503     0.03718346    0.032470881    0.026624528    0.019444793    0.010675416 
    0.008989658    0.016187397    0.021972853    0.026624528    0.030342014    0.033268172    0.035505421     0.03712652    0.038181343    0.038701214    0.038701214    0.038181343     0.03712652    0.035505421    0.033268172    0.030342014    0.026624528    0.021972853    0.016187397    0.008989658 
   0.0068282462     0.01207472    0.016187397    0.019444793    0.022024295    0.024043139    0.025581057     0.02669283    0.027415219    0.027770954    0.027770954    0.027415219     0.02669283    0.025581057    0.024043139    0.022024295    0.019444793    0.016187397     0.01207472   0.0068282462 
   0.0039810177   0.0068282462    0.008989658    0.010675416    0.011999669    0.013031403     0.01381526    0.014380956    0.014748165    0.014928895    0.014928895    0.014748165    0.014380956     0.01381526    0.013031403    0.011999669    0.010675416    0.008989658   0.0068282462   0.0039810177 
